4294967294,0
4294967278,207
4294967279,102
4294967279,101
4294967279,100
4294967278,204
4294967278,203
4294967278,202
4294967279,390
4294967278,321
4294967278,200
4294967279,389
4294967279,103
4294967278,199
4294967279,106
4294967279,105
4294967279,104
4294967279,388
4294967279,387
4294967278,196
4294967278,320
4294967278,193
4294967279,386
4294967278,274
4294967278,191
4294967279,108
4294967279,107
4294967278,187
4294967278,298
4294967278,185
4294967278,184
4294967278,182
4294967279,110
4294967279,109
4294967278,179
4294967278,178
4294967278,176
4294967278,165
4294967278,164
4294967279,111
4294967279,113
4294967279,112
4294967278,159
4294967278,157
4294967279,115
4294967279,114
4294967278,156
4294967278,291
4294967278,154
4294967278,153
4243767290,0
4294967279,119
4294967279,118
4294967279,117
4294967279,116
4294967279,128
4294967279,127
4294967279,126
4294967279,125
4294967279,124
4294967279,123
4294967279,122
4294967279,121
4294967279,120
4294967278,151
4294967278,150
4294967278,289
4294967279,297
4294967278,575
4294967279,385
4294967279,296
4294967278,8
4294967278,7
4294967278,6
4294967278,5
4294967278,4
4294967279,132
4294967279,131
4294967279,130
4294967279,129
4294967294,166
4294967294,24
4294967294,175
4294967294,173
4294967294,15
4294967294,185
4294967294,160
4294967294,168
4294967294,44
4294967279,141
4294967278,140
4294967294,50
4294967294,104
4294967294,384
4294967294,184
4294967294,180
4294967294,182
4294967278,11
4294967278,10
4294967278,9
4294967279,139
4294967278,287
4294967278,14
4294967278,13
4294967278,12
4294967279,138
4294967278,137
4294967279,278
4294967278,574
4294967279,136
4294967278,275
4294967279,276
4294967278,134
4294967279,134
4294967278,15
4294967278,573
4294967279,290
4294967278,16
4294967278,286
4294967279,289
4294967278,17
4294967278,19
4294967279,291
4294967278,18
4294967279,283
4294967279,288
4294967279,384
4294967279,270
4294967278,20
4294967279,287
4294967279,268
4294967278,572
4294967279,383
4294967278,21
4294967279,285
4294967279,382
4294967279,381
4294967278,22
4294967278,571
4294967279,380
4294967279,261
4294967279,282
4294967278,570
4294967278,23
4294967278,569
4294967278,25
4294967278,24
4294967279,379
4294967278,256
4294967279,378
4294967278,568
4294967279,377
4294967279,376
4294967278,567
4294967279,375
4294967278,26
4294967278,566
4294967279,374
4294967278,28
4294967278,27
4294967278,565
4294967278,564
4294967278,30
4294967278,29
4294967278,251
4294967279,373
4294967278,33
4294967278,32
4294967278,31
4294967279,372
4294967278,247
4294967278,245
4294967278,38
4294967278,37
4294967278,36
4294967278,35
4294967278,34
4294967278,243
4294967278,240
4294967278,239
4294967279,371
4294967278,563
4294967278,562
4294967278,235
4294967278,232
4294967278,230
4294967278,229
4294967278,226
4294967278,39
4294967278,225
4294967279,37
4294967278,223
4294967278,221
4294967278,219
4294967278,217
4294967279,35
4294967279,34
4294967278,215
4294967278,561
4294967279,370
4294967279,369
4294967278,560
4294967279,32
4294967279,368
4294967278,559
4294967279,30
4294967279,29
4294967279,367
4294967278,209
4294967279,366
4294967278,558
4294967279,365
4294967279,364
4294967278,557
4294967279,28
4294967279,27
4294967279,363
4294967278,556
4294967278,201
4294967279,362
4294967278,555
4294967279,361
4294967278,554
4294967278,197
4243767290,3
4243767290,2
4294967278,195
4294967279,24
4294967279,23
4294967279,22
4294967278,194
4294967279,360
4294967278,553
4294967278,0
4294967278,192
4294967279,20
4294967279,18
4294967279,359
4294967279,0
4294967278,190
4294967278,188
4294967279,17
4294967279,13
4294967279,12
4294967279,11
4294967278,186
4294967294,17
4294967294,42
4294967294,99
4294967294,76
4294967294,36
4294967294,39
4294967294,41
4294967294,1358
4294967294,43
4294967294,418
4294967294,52
4294967278,183
4294967278,181
4294967294,5
4294967294,7
4294967294,22
4294967278,297
4294967294,956
4294967294,1355
4294967294,81
4294967294,162
4294967294,82
4294967294,1354
4294967294,14
4294967294,20
4294967294,18
4294967294,12
4294967278,296
4294967278,295
4294967278,132
4294967278,131
4294967278,130
4294967278,129
4294967278,128
4294967278,127
4294967278,126
4294967278,125
4294967278,124
4294967278,123
4294967278,122
4294967278,121
4294967278,120
4294967278,119
4294967278,118
4294967278,117
4294967278,116
4294967278,115
4294967278,114
4294967278,113
4294967278,112
4294967278,111
4294967278,110
4294967278,109
4294967278,108
4294967278,107
4294967278,106
4294967278,105
4294967278,104
4294967278,103
4294967278,102
4294967278,101
4294967278,100
4294967278,99
4294967278,98
4294967278,97
4294967278,96
4294967278,95
4294967278,94
4294967278,93
4294967278,92
4294967278,91
4294967278,90
4294967278,89
4294967278,87
4294967278,86
4294967278,85
4294967278,84
4294967278,83
4294967278,82
4294967278,81
4294967278,80
4294967278,79
4294967278,78
4294967278,77
4294967278,76
4294967278,75
4294967278,74
4294967278,73
4294967278,72
